-1.306526527957026019e+03
-1.169665462136970973e+03
-1.325746586097760428e+03
-1.330599175226785292e+03
-1.293627626455112022e+03
-1.492051971760327206e+03
-1.364215455394712308e+03
-1.073490774558829571e+03
-1.735613113577328022e+03
-1.308794129297516292e+03
-1.362135284238782106e+03
-1.339855369756379332e+03
-1.602932227302907677e+03
-1.232598954410742635e+03
-1.446430372149440927e+03
-1.339299711623849134e+03
-1.271890818211335500e+03
-1.513348405939326312e+03
-1.339160949334500401e+03
-1.453500633771594721e+03
-1.565998255859497704e+03
-1.622981194159445522e+03
-1.650437844825070670e+03
-1.812151847870896972e+03
-1.327719036210281729e+03
-1.357722542249045773e+03
-1.176457340230439740e+03
-1.199448189422236965e+03
-1.310827321968864226e+03
-1.427584532341070144e+03
-1.149565987762100576e+03
-1.497710444289906036e+03
-1.171826707486545502e+03
-1.490522779465740996e+03
-1.174035393254103383e+03
-1.076482606523107961e+03
-1.726231599736257749e+03
-1.084927291003307346e+03
-1.612443266020912461e+03
-1.677624150473889813e+03
-1.787635391501396725e+03
-1.162756677948415017e+03
-1.609304661682351025e+03
-1.350329794990266237e+03
-1.181431366449221514e+03
-1.349467126079897298e+03
-1.353094496694738382e+03
-1.493395142699752341e+03
-1.801252879384943299e+03
-1.609637747821090898e+03
-1.559897912531763268e+03
-1.468982450714103152e+03
-1.182039611912265400e+03
-1.457010012695903924e+03
-1.328642923332763075e+03
-1.807201350774420234e+03
-1.245839483910986246e+03
-1.429068875767934060e+03
-1.443174440728921809e+03
-1.228764264496404166e+03
-1.412742328675112049e+03
-1.313900153300214924e+03
-1.240853831080641839e+03
-1.803365821639848491e+03
-1.769116194073669703e+03
-1.399511121739036980e+03
-1.591441247844385316e+03
-1.217836295548822136e+03
-1.194232348022090719e+03
-1.404735417989260441e+03
-1.277115434071396749e+03
-1.704955564608559826e+03
-1.419598928895157769e+03
-1.643124996537499783e+03
-1.344197839695648099e+03
-1.356651227009300783e+03
-1.591958041950603047e+03
-1.347244932412930893e+03
-1.456316099733451665e+03
-1.207804721906470832e+03
-1.395946251237171055e+03
-1.161994863192379853e+03
-1.508845292841437868e+03
-1.812232138606470471e+03
-1.512614521401462298e+03
-1.609595236678999981e+03
-1.460836522495931376e+03
-1.750054896696730793e+03
-1.832561171578257927e+03
-1.619762946422118830e+03
-1.639485188419389260e+03
-1.387444380680884024e+03
-1.271497694421138704e+03
-1.428833412671207270e+03
-1.469155841104973888e+03
-1.862285629605676149e+03
-1.573895654134823417e+03
-1.432402489114283071e+03
-1.742045503290038369e+03
-1.815385340476838110e+03
-1.641340945863579236e+03
-1.412748672324358040e+03
-1.368938398534939097e+03
-1.422307032389415099e+03
-1.530412949425737224e+03
-1.657505710103800084e+03
-1.412354261223784761e+03
-1.846087788398743214e+03
-1.708816249559828975e+03
-1.253445151351207642e+03
-1.824145054108799513e+03
-1.389576800661814104e+03
-1.458577917462971300e+03
-1.540314171280080245e+03
-1.415745918947293148e+03
-1.375991090018902923e+03
-1.523885625484275351e+03
-1.431913914195714142e+03
-1.441690378063311755e+03
-1.528925470885638106e+03
-1.400987831827075524e+03
-1.448753770523439698e+03
-1.612278187715764716e+03
-1.834713341268640306e+03
-1.318035407749020351e+03
-1.498997219785047037e+03
-1.566398676012304122e+03
-1.726136134924412318e+03
-1.378493914419966131e+03
-1.494503381032285461e+03
-1.768912569530324845e+03
-1.664988844033438681e+03
-1.687202970312154093e+03
-1.696205073058505150e+03
-1.495115444675270510e+03
-1.667800899974806725e+03
-1.332610821382200129e+03
-1.737576478201815462e+03
-1.756622823708100441e+03
-1.523821827299845381e+03
-1.392958522777438475e+03
-1.295396003331184829e+03
-1.533214504875796138e+03
-1.828293446329452081e+03
-1.763523200384603115e+03
-1.432687889387432506e+03
-1.810082728282169455e+03
-1.331537632307112744e+03
-1.309772113003865115e+03
-1.373636149744997965e+03
-1.388035767755518918e+03
-1.300224788651821655e+03
-1.753050940525194164e+03
-1.336461572050158566e+03
-1.316907781121380594e+03
-1.666730350820015474e+03
-1.336485683331527071e+03
-1.727474154124020743e+03
-1.494386070259120970e+03
-1.855873605087880151e+03
-1.319600106111812238e+03
-1.685104670572814257e+03
-1.569848176072198157e+03
-1.781600855260733169e+03
-1.435284283394031036e+03
-1.532576575361474397e+03
-1.536040340322431803e+03
-1.481569425505541631e+03
-1.627553979268031526e+03
-1.573383687315331144e+03
-1.481345314931044641e+03
-1.396912155662550958e+03
-1.619782274202263352e+03
-1.736451041584877203e+03
-1.845163858214172933e+03
-1.474283533319169919e+03
-1.374288156290335110e+03
-1.552304277500428043e+03
-1.542501051152842138e+03
-1.328700948548863153e+03
-1.816744322325633220e+03
-1.645362761709192227e+03
-1.648646744332570051e+03
-1.491208195257952639e+03
-1.384746703480283486e+03
-1.818626463314397824e+03
-1.540018525647948536e+03
-1.358805709573264267e+03
-1.461445447239350415e+03
-1.784779121065743539e+03
-1.746789224421885592e+03
-1.447715932497826316e+03
-1.597250103384166778e+03
-1.526310813597668357e+03
-1.507793853327662191e+03
-1.805775918774736965e+03
-1.763779811035555667e+03
-1.343144988883593442e+03
-1.508697505385540808e+03
-1.840533824141593414e+03
-1.813645311539148452e+03
-1.771182866995208769e+03
-1.618878003974735520e+03
-1.840761103023938631e+03
-1.342355303575295466e+03
-1.847365891119128719e+03
-1.535142050158333177e+03
-1.488835627340083647e+03
-1.562362706646374136e+03
-1.686158084699875872e+03
-1.501080260062494972e+03
-1.438118916459043248e+03
-1.572368550611817454e+03
-1.789712511076411147e+03
-1.475676179559451384e+03
-1.800427508194421989e+03
-1.718206616977695830e+03
-1.698228699743563993e+03
-1.335283678325992469e+03
-1.664766322865921666e+03
-1.682008510278944641e+03
-1.548031889220573703e+03
-1.364108689956343596e+03
-1.516814828737152993e+03
-1.652033138618833846e+03
-1.576604459726378082e+03
-1.542498163149182119e+03
-1.379291854083853650e+03
-1.399281416500038858e+03
-1.514054577193653586e+03
-1.823914144058714555e+03
-1.471997405067244017e+03
-1.812375837050964265e+03
-1.734680994360230216e+03
-1.336215189175186197e+03
-1.775505596661112349e+03
-1.550153615723051189e+03
-1.416451734655273640e+03
-1.500676155791326210e+03
-1.750915178136181567e+03
-1.633086044791814857e+03
-1.503915709844707635e+03
-1.478264610022997658e+03
-1.694883612303737891e+03
-1.420901410511098902e+03
-1.794783453328650012e+03
-1.349587061543535128e+03
-1.305116596521209658e+03
-1.498859370604955984e+03
-1.382391126788205156e+03
-1.690253861055545713e+03
-1.822104881075686990e+03
-1.532826520071708273e+03
-1.655257404535296018e+03
-1.388710185131950311e+03
-1.424745139957502943e+03
-1.450166149717624421e+03
-1.798382878523052568e+03
-1.539017812032554957e+03
-1.624867309760178614e+03
-1.717058810840225533e+03
-1.483563686143942277e+03
-1.436514325101019494e+03
-1.701664508974927230e+03
-1.476747193742745822e+03
-1.423188797818895409e+03
-1.723335167454974908e+03
-1.539674165012096864e+03
-1.805968094060609019e+03
-1.733378477668581809e+03
-1.456760403348894897e+03
-1.460627254303234622e+03
-1.370995965956363079e+03
-1.539394329011447553e+03
-1.420517946002478084e+03
-1.696447912237630362e+03
-1.609111532465931532e+03
-1.566226793771559642e+03
-1.579215387651597212e+03
-1.265403285843524827e+03
-1.461904037672107961e+03
-1.480713420935250497e+03
-1.375941719958323802e+03
-1.375440682417069411e+03
-1.601441337167475467e+03
-1.645823944421142869e+03
-1.587879876778855987e+03
-1.500194768883766528e+03
-1.798213038924312514e+03
-1.428461257463842003e+03
-1.460148813119314582e+03
-1.814811961680210516e+03
-1.475767797192037051e+03
-1.394797309177289890e+03
-1.617954502139495844e+03
-1.737505587368651732e+03
-1.405635534776040913e+03
-1.562536929830437430e+03
-1.608899692050296608e+03
-1.747202584799962779e+03
-1.583310542257067482e+03
-1.629950651496846831e+03
-1.746660704709081301e+03
-1.593767507743310944e+03
-1.504011832356440664e+03
-1.703098947150956064e+03
-1.504822444266424327e+03
-1.356551596635275700e+03
-1.419615528203381700e+03
-1.622533131226830619e+03
-1.639338865904896466e+03
-1.732786837800065541e+03
-1.630491042749491726e+03
-1.748245215156131735e+03
-1.596019548668137986e+03
-1.531030300084758665e+03
-1.437392088169212229e+03
-1.738755174223222866e+03
-1.747295594285662446e+03
-1.661493220507826436e+03
-1.602225123000275289e+03
-1.530294973430364053e+03
-1.611192759014216108e+03
-1.390517655605552363e+03
-1.384024538760877249e+03
-1.579845524069913608e+03
-1.803676987777237400e+03
-1.627441138061144784e+03
-1.660537302562467175e+03
-1.468582251621256319e+03
-1.587739229748379557e+03
-1.472292256163155116e+03
-1.809385892298090539e+03
-1.617538107695973622e+03
-1.760944604528342552e+03
-1.514486864619180096e+03
-1.496040955546037594e+03
-1.668837470372673351e+03
-1.399652288092511071e+03
-1.745269441235137720e+03
-1.666819363632724389e+03
-1.438939172387482131e+03
-1.633240715268349277e+03
-1.756588049738831842e+03
-1.429545812980569053e+03
-1.674943949739143818e+03
-1.676550132292018816e+03
-1.651667296874384419e+03
-1.336350899020244697e+03
-1.706111311683293707e+03
-1.719715326539673242e+03
-1.537027731169547224e+03
-1.513644739176779922e+03
-1.716340975319239760e+03
-1.766589576328454314e+03
-1.717752245351747206e+03
-1.513612785294248170e+03
-1.641126598691880417e+03
-1.469503386871635485e+03
-1.763664584467540180e+03
-1.627600557277412690e+03
-1.600444691562283424e+03
-1.446607806193168699e+03
-1.555059659017578042e+03
-1.564908030770126061e+03
-1.678780572430399616e+03
-1.469907380061544245e+03
-1.653249594516840489e+03
-1.595815430954156454e+03
-1.535522861383670261e+03
-1.463504799513654916e+03
-1.488787367896943351e+03
-1.461245667571413833e+03
-1.497253683538597443e+03
-1.450427861471694087e+03
-1.687878999269897577e+03
-1.673612271608942365e+03
-1.630107580019367560e+03
-1.770870735446372464e+03
-1.412657198107373915e+03
-1.580942409192069363e+03
-1.715803289900009077e+03
-1.512222515877953356e+03
-1.765140429271867333e+03
-1.695693731138620251e+03
-1.709840300582197870e+03
-1.501655397382817682e+03
-1.712302367356085369e+03
-1.363318385464232051e+03
-1.639976326899557307e+03
-1.584510634718106303e+03
-1.409169819618676456e+03
-1.619642235222925137e+03
-1.674795626868294448e+03
-1.584492204237810711e+03
-1.788300701665228871e+03
-1.596196117987117532e+03
-1.567549558247621235e+03
-1.743571341400810070e+03
-1.408666390677791242e+03
-1.780021990601189827e+03
-1.665495928705984852e+03
-1.617431166135557760e+03
-1.752779754320888287e+03
-1.632326513653621078e+03
-1.505627887241544386e+03
-1.634250648841051316e+03
-1.542262948614069046e+03
-1.539967029507515235e+03
-1.798771583457006500e+03
-1.729326465890906775e+03
-1.502778354714904253e+03
-1.622489281048140811e+03
-1.477808463198301297e+03
-1.566510206211760760e+03
-1.810052305224989368e+03
-1.500937497300667246e+03
-1.408711692007758984e+03
-1.597659466807111812e+03
-1.658362167742292058e+03
-1.490711551639870322e+03
-1.796815795151089333e+03
-1.153616664918123888e+03
-1.577303219198075112e+03
-1.671212180252651478e+03
-1.359176573456671122e+03
-1.787530138595810513e+03
-1.536917420312848890e+03
-1.649374351693076051e+03
-1.735714572551617039e+03
-1.452652043982316627e+03
-1.696860442924612016e+03
-1.732037647826254215e+03
-1.400195991591408301e+03
-1.517440838800098845e+03
-1.744223451014268903e+03
-1.595143578036327881e+03
-1.511394449748830766e+03
-1.786860016096658228e+03
-1.667994609336072472e+03
-1.374962738290731068e+03
-1.425257542827898305e+03
-1.514480681587677509e+03
-1.678258669037469417e+03
-1.780961443168119104e+03
-1.504291562990903003e+03
-1.682615909244743079e+03
-1.651836257795671145e+03
-1.756973049555757825e+03
-1.675292362121838551e+03
-1.247618987593001748e+03
-1.347240020811754675e+03
-1.780641744002453379e+03
-1.608426735151847652e+03
-1.726510703219563993e+03
-1.561864123789518544e+03
-1.490696075306973853e+03
-1.602655818941009102e+03
-1.669836269956315164e+03
-1.544995736067513917e+03
-1.668533225444536583e+03
-1.438075390997655404e+03
-1.154964776928936544e+03
-1.576728847760481585e+03
-1.285166990837357844e+03
-1.328583840879877698e+03
-1.778366634179248422e+03
-1.443233243749326448e+03
-1.432719937226033380e+03
-1.554531901380103136e+03
-1.686895050186324625e+03
-1.544975122711934091e+03
-1.672489281419618692e+03
-1.499458855168936225e+03
-1.453791972789780857e+03
-1.644493077935075462e+03
-1.362957057455374752e+03
-1.763215174818952619e+03
-1.638639014849313526e+03
-1.623917513396224194e+03
-1.767422692136800606e+03
-1.614587535350236976e+03
-1.636378284316916961e+03
-1.392660605721077445e+03
-1.474855766966107467e+03
-1.539781283294925515e+03
-1.636063582410477466e+03
-1.238254264387915100e+03
-1.290032966623538414e+03
-1.344778628973378773e+03
-1.476419347840031605e+03
-1.711384301750397071e+03
-1.621846173711927349e+03
-1.725239191552599777e+03
-1.516862390225944637e+03
-1.400851737432448999e+03
-1.725605544939998026e+03
-1.688140356178576440e+03
-1.725165650561388247e+03
-1.703416255168705447e+03
-1.674922430201394718e+03
-1.599865372068603847e+03
-1.644495016984316635e+03
-1.650072197871606022e+03
-1.532997437384433852e+03
-1.555060532014366800e+03
-1.665689454991211960e+03
-1.674367065441220120e+03
-1.566843745588585534e+03
-1.692584178581219476e+03
-1.563909801732540245e+03
-1.497267992939372107e+03
-1.740730930502175170e+03
-1.720507419644189440e+03
-1.682212736347650889e+03
-1.518042925959741751e+03
-1.729852225435741047e+03
-1.586088428397307780e+03
-1.719743944176187370e+03
-1.524870921544744760e+03
-1.728077103015849161e+03
-1.606606156549757088e+03
-1.671209511538260131e+03
-1.295502560966675901e+03
-1.647545721530938181e+03
-1.657206657225116942e+03
-1.540297616018014423e+03
-1.610043075327765564e+03
-1.600465488365344754e+03
-1.600330983203207552e+03
-1.402899186091213551e+03
-1.681124929674119130e+03
-1.594342230036632373e+03
-1.590682075016732824e+03
-1.515367282654661722e+03
-1.636043061016349384e+03
-1.540382355508962519e+03
-1.583386562457355012e+03
-1.653446107893462795e+03
-1.708287983383000665e+03
-1.603828939187274955e+03
-1.687076647827027273e+03
-1.421756903451558856e+03
-1.682003904780090124e+03
-1.569035816679824165e+03
-1.516546686951133097e+03
-1.613377155124174806e+03
-1.476685668603563499e+03
-1.615825173028276822e+03
-1.662570071379840101e+03
-1.628889794797581999e+03
-1.581825203368703797e+03
-1.751628994176413244e+03
-1.021697100631541502e+03
-1.567727771978772807e+03
-1.538947820663235689e+03
-1.587083813838426977e+03
-1.755446865038012220e+03
-1.770251534872774073e+03
-1.723518611854355868e+03
-1.774470581092054090e+03
-1.619176039592150801e+03
-1.372712013072824675e+03
-1.762773424347510172e+03
-1.500714801624524853e+03
-1.771326460080127390e+03
-1.601711018960536649e+03
-1.738482226845674404e+03
-1.639948427686466175e+03
-1.533824251994436963e+03
-1.677143845701725468e+03
-1.573505745401573222e+03
-1.532111598300588639e+03
-1.641223268730154587e+03
-1.648208894401088855e+03
-1.512411641747934027e+03
-1.736178604331611496e+03
-1.461057565429064198e+03
-1.771835212796507221e+03
-1.570593516739125789e+03
-1.441092086932795155e+03
-1.705765997954144495e+03
-1.536888962538930173e+03
-1.615183312953832456e+03
-1.660337002070395556e+03
-1.680401067360641946e+03
-1.664583169979255899e+03
-1.511778051201838252e+03
-1.733502468059860348e+03
-1.632672868652560055e+03
-1.609100253362409603e+03
-1.614619869697391096e+03
-1.621129111195588621e+03
-1.601621439916316831e+03
-1.500708760892691316e+03
-1.703301559186091936e+03
-1.688473347038578595e+03
-1.709243294160090045e+03
-1.774799381064258796e+03
-1.593661822448253815e+03
-1.763980614243039554e+03
-1.767594744705698531e+03
-1.509825045830411000e+03
-1.777115006120569433e+03
-1.565429389521613984e+03
-1.494982421701336307e+03
-1.650188875323852471e+03
-1.559036166192651535e+03
-1.646725938105492332e+03
-1.615173531659593891e+03
-1.779533769700141647e+03
-1.696928323337957409e+03
-1.776395032578467180e+03
-1.773448049480761028e+03
-1.671307170602558926e+03
-1.764851231390468456e+03
-1.637132585513527602e+03
-1.612813104468238862e+03
-1.670063608908764763e+03
-1.606452339122639842e+03
-1.390238438808943101e+03
-1.759400968195827090e+03
-1.771737462354285526e+03
-1.702085413888725498e+03
-1.702684924701512955e+03
-1.732315595119403270e+03
-1.498369496169872718e+03
-1.706556583242520446e+03
-1.590999601300978156e+03
-1.505644269582305697e+03
-1.753801878374871649e+03
-1.631582969409959560e+03
-1.630463223401542791e+03
-1.517110819424530973e+03
-1.508547699158325941e+03
-1.427915260970786221e+03
-1.503457696485309498e+03
-1.578449005802097645e+03
-1.559518529817290755e+03
-1.595904366665608904e+03
-1.349295053408083504e+03
-1.641329457565492021e+03
-1.575622389602878229e+03
-1.742791920078171188e+03
-1.471072742619597420e+03
-1.632635856606646939e+03
-1.384638986787758085e+03
-1.391874913397231239e+03
-1.703063478107832452e+03
-1.366404384120214218e+03
-1.698254190275752080e+03
-1.784288447147378747e+03
-1.696972255939205752e+03
-1.506384869069849856e+03
-1.785350467672028799e+03
-1.608369743843134074e+03
-1.566630694751793499e+03
-1.568324318442236972e+03
-1.606266122939204934e+03
-1.678687900870233079e+03
-1.487825648834877484e+03
-1.779307236172394369e+03
-1.571149616134123107e+03
-1.781865811373476390e+03
-1.638791853482435044e+03
-1.694887702519946970e+03
-1.535847909765944905e+03
-1.570580757882713897e+03
-1.672621105448283515e+03
-1.580744297828413664e+03
-1.788314817775277788e+03
-1.729553368705175444e+03
-1.765856238437983620e+03
-1.612731759081456175e+03
-1.740849087878147202e+03
-1.594616267316048834e+03
-1.530993217562036534e+03
-1.577854264361084688e+03
-1.592134628483102688e+03
-1.476164090152195968e+03
-1.584507315507177282e+03
-1.659748013228185300e+03
-1.583638081146344575e+03
-1.760705806842254560e+03
-1.508567615414928923e+03
-1.772535691579582817e+03
-1.558866757732717133e+03
-1.533174887315035448e+03
-1.627575995099987495e+03
-1.704082501526392207e+03
-1.799381851971373862e+03
-1.756368556002946661e+03
-1.585765058792650052e+03
-1.730858356195198667e+03
-1.507320676756636658e+03
-1.714931246568114602e+03
-1.653063976556593389e+03
-1.786921953736423802e+03
-1.589942304730897831e+03
-1.572685152520878319e+03
-1.788322904182312413e+03
-1.651857586403635423e+03
-1.566477474426304298e+03
-1.547325157049815971e+03
-1.494475328995919654e+03
-1.690117836467553843e+03
-1.394557309293204980e+03
-1.493056321277671714e+03
-1.754964148223806433e+03
-1.489956395305688375e+03
-1.638887988039228958e+03
-1.597052467739251824e+03
-1.799159573597463350e+03
-1.745761553898423699e+03
-1.716215133302587674e+03
-1.761912551561453029e+03
-1.785361866645414011e+03
-1.778635073374319290e+03
-1.807213525635446786e+03
-1.419298473963875267e+03
-1.547519539202624401e+03
-1.715857008401113035e+03
-1.757938502135565614e+03
-1.652547661246615007e+03
-1.800748459067958038e+03
-1.572301856005130503e+03
-1.754949540453653981e+03
-1.477880466274387572e+03
-1.623504656446858007e+03
-1.471683562189203712e+03
-1.589147231465640971e+03
-1.713826444480100008e+03
-1.503437108254752047e+03
-1.542427309340412876e+03
-1.763917800441665804e+03
-1.578987772954161755e+03
-1.550633441888516245e+03
-1.741031975514896203e+03
-1.553078059477110401e+03
-1.706239145609008801e+03
-1.404415072708318576e+03
-1.723424227180637445e+03
-1.453528213728607625e+03
-1.661904047830464606e+03
-1.492231456146703977e+03
-1.246914456758143160e+03
-1.790604925375915400e+03
-1.616221735799261751e+03
-1.465572904220318605e+03
-1.587998577669226506e+03
-1.636867968916796826e+03
-1.788533362901475584e+03
-1.702567855716604527e+03
-1.602227318199421688e+03
-1.781834830155776444e+03
-1.647390980688637001e+03
-1.493558995622677003e+03
-1.701141414201456428e+03
-1.760113675935549054e+03
-1.631545094517077359e+03
-1.784258863533882959e+03
-1.480069578902656076e+03
-1.459286628780009096e+03
-1.418012171008718724e+03
-1.503905011335787776e+03
-1.735122610618316003e+03
-1.534165667635207456e+03
-1.818535830525753227e+03
-1.565222637907813805e+03
-1.609346081351770181e+03
-1.804366905312204153e+03
-1.683395195668106453e+03
-1.494403086953853744e+03
-1.601175928431554212e+03
-1.792484048107314038e+03
-1.708145844913873134e+03
-1.643723700437180469e+03
-1.782227492428333107e+03
-1.715908456968796372e+03
-1.757696156532557097e+03
-1.811956770518026588e+03
-1.689602799330304379e+03
-1.377477709797030684e+03
-1.627918355350067486e+03
-1.449741776084779985e+03
-1.745426331114196955e+03
-1.618299290122461343e+03
-1.565660517486067420e+03
-1.670583500636871804e+03
-1.520871859147066743e+03
-1.488352571165922200e+03
-1.775579874922235376e+03
-1.416715568326414768e+03
-1.598794820013579283e+03
-1.632280657419230238e+03
-1.336667602590576053e+03
-1.544546536435095277e+03
-1.664713410167384382e+03
-1.697504981878112403e+03
-1.743595130800908919e+03
-1.570239871480622469e+03
-1.763969937253221588e+03
-1.522292614019606845e+03
-1.621120724900423738e+03
-1.735291013461022203e+03
-1.779044041695271744e+03
-1.700491620779794857e+03
-9.613758166823789679e+02
-1.460274213917879933e+03
-1.652194731017416188e+03
-1.770363771714178029e+03
-1.774214076365543178e+03
-1.696076369318489697e+03
-1.611701549050116682e+03
-1.497018526704447822e+03
-1.019935177980412163e+03
-1.533252011103616269e+03
-1.380647461203309376e+03
-1.504115456517397888e+03
-1.656058064290288257e+03
-1.598388422482689293e+03
-1.652322038975142050e+03
-1.503545384885607518e+03
-1.717516756478694560e+03
-1.715107973484186687e+03
-1.494205532820703411e+03
-1.381689284082924814e+03
-1.600170713568297742e+03
-1.348187558566712596e+03
-1.428227300167248359e+03
-1.640689294331585643e+03
-1.543598717322634684e+03
-9.227377614920380893e+02
-1.771279702304652801e+03
-1.545931139851644502e+03
-1.722153241903583194e+03
-1.471409301195933494e+03
-1.537228937373981807e+03
-1.514073146984098457e+03
-1.767748118356237228e+03
-1.416140363960102377e+03
-1.337662898417241195e+03
-1.770317584438939093e+03
-1.677078331862682262e+03
-1.540616447497073978e+03
-1.439105061467729911e+03
-1.753467373882782795e+03
-1.424214433863915019e+03
-1.617088885476420728e+03
-1.471881066182043924e+03
-1.758782596947489537e+03
-1.671058893749146364e+03
-1.382880137913711224e+03
-1.540631349741931899e+03
-1.595094400810063917e+03
-1.761822506762272269e+03
-1.538942316929174922e+03
-1.045301827283307148e+03
-1.052872488404328351e+03
-1.591743480770497627e+03
-1.579606549414663732e+03
-1.749904682517975971e+03
-1.716605585944506402e+03
-1.602558732414773658e+03
-1.747333316618728077e+03
-1.653682882673444510e+03
-1.547526745391881832e+03
-1.742051389946898780e+03
-1.552902999039362612e+03
-1.679235187303763496e+03
-1.710126844004549184e+03
-1.646907893147631967e+03
-1.618018590711377328e+03
-1.079930280758492700e+03
-1.739540350454174131e+03
-1.528146623567487950e+03
-1.395759626267572685e+03
-1.170626052658797562e+03
-1.641721316280990322e+03
-1.710718644412939511e+03
-1.186441698371627353e+03
-1.641630808506171434e+03
-1.552186451967645098e+03
-1.474388864042988644e+03
-1.196708282097730034e+03
-1.596336840380172589e+03
-1.491869919579223051e+03
-1.184929024799787157e+03
-1.711909411334546348e+03
-1.730915487987057077e+03
-1.631387104164350831e+03
-1.187767094020308605e+03
-1.678627539824267160e+03
-1.566425079052272395e+03
-1.646835234708558801e+03
-1.590423884730728105e+03
-1.737650336598723470e+03
-1.676704561373235720e+03
-1.504909301041086337e+03
-1.726827674961599996e+03
-1.442030860357430583e+03
-1.733706553823453078e+03
-1.476147606979787497e+03
-1.373416654384127014e+03
-1.644477201026997136e+03
-1.699086617345652257e+03
-1.685171948964203239e+03
-1.385425309287119262e+03
-1.457367586122033572e+03
-1.400780430617713819e+03
-1.311873579667850208e+03
-1.504055924961658320e+03
-1.522482893393344511e+03
-1.443397132462697982e+03
-1.239996858010158121e+03
-1.668496272133092589e+03
-1.543513995204560388e+03
-1.537109062442598770e+03
-1.662910326794917637e+03
-1.720361555047572892e+03
-1.247985103482909835e+03
-1.253333909269006881e+03
-1.205232335377132358e+03
-1.464272638471929668e+03
-1.706461446351870109e+03
-1.233437781822811985e+03
-1.195957182574487661e+03
-1.583379411280216345e+03
-1.474638738407395294e+03
-1.662710017491837107e+03
-1.607283689711781108e+03
-1.269861678154940137e+03
-1.471595765345983182e+03
-1.713918641071077445e+03
-1.671113903105812142e+03
-1.229726133780229929e+03
-1.475399752406608286e+03
-1.719086035885927231e+03
-1.558004809273921637e+03
-1.718801462697818351e+03
-1.278095301196435457e+03
-1.550981147413159078e+03
-1.577523582614088355e+03
-1.549172773113298945e+03
-1.731477651008091925e+03
-1.521050819012005149e+03
-1.579661087987040219e+03
-1.269866145444031645e+03
-1.248528052002085360e+03
-1.694555611976731143e+03
-1.577698842803307116e+03
-1.611062745727123229e+03
-1.379420020550932804e+03
-1.360575218523620379e+03
-1.459640960489033432e+03
-1.404638336769583930e+03
-1.399649985054957369e+03
-1.584266867019000301e+03
-1.731374750310767467e+03
-1.525456232099704494e+03
-1.511795321821237849e+03
-1.736679198785704330e+03
-1.742946071302662403e+03
-1.407206012189401235e+03
-1.674744774269496929e+03
-1.212548698111632802e+03
-1.741678491238775905e+03
-1.533724846969902273e+03
-1.621217110387943876e+03
-1.238302966662284462e+03
-1.509188569709785043e+03
-1.385036343779545405e+03
-1.693772021154338972e+03
-1.440212052844960226e+03
-1.231907430539872848e+03
-1.618748761203935601e+03
-1.699707753825604414e+03
-1.613127042006775582e+03
-1.689994877555021958e+03
-1.652897529669880214e+03
-1.740030919651342174e+03
-1.668133754658825637e+03
-1.428324766318617776e+03
-1.481474047544452105e+03
-1.687205646761720345e+03
-1.370858740667267512e+03
-1.739209282891220937e+03
-1.306469347104786493e+03
-1.468625100149839227e+03
-1.446113395209841883e+03
-1.390546720185779350e+03
-1.693691509405532315e+03
-1.287166324997907395e+03
-1.301019110534025685e+03
-1.418435076900352442e+03
-1.498406324416261896e+03
-1.196759736492070033e+03
-1.567179806082922596e+03
-1.206619529337247968e+03
-1.216652015121498607e+03
